35
5295849
361262 5295849
570719 5190559
607473 5068335
784329 4882710
828434 4596981
620016 4291901
736519 3940971
842739 3508363
734950 3188066
754045 3312003
716987 3240362
672283 3355932
641928 3127179
614371 3311479
602201 3309580
654992 3170973
680491 3244732
585920 3316719
626107 3096014
675665 3374407
760690 3463702
824568 3355150
819087 3187204
756277 3354843
563472 3191611
573029 3357207
666316 3220661
640309 3289398
738606 3023339
737463 2888316
772905 2556921
669600 2870110
650221 2720139
543486 3052396
472652 2915510
