43
312354
40391 172936
34751 171359
26321 181480
24267 209628
26168 244355
43789 274335
89484 312354
79034 242815
43055 196239
29938 180305
37763 173130
38172 152726
36074 126107
28827 100805
24617 87153
17312 104916
13284 86099
15018 92049
16789 87707
22147 103919
21883 93175
19945 92239
22875 91441
19112 84819
19587 84540
20138 88327
23183 77709
33320 72027
8602 45036
11933 51756
9226 51848
11734 58826
14347 67730
9410 71502
11893 80464
19517 83125
14437 83900
16307 89415
13161 88365
13578 95402
18800 108925
18834 104748
17910 111734
