56
47280
2148 22625
2098 22478
2370 22381
2529 22007
2645 21468
3116 20807
3207 19667
3558 18457
3018 16936
2702 16405
2151 15787
1836 15597
2503 24259
1667 29563
1971 38092
3258 44622
5003 47280
3029 45736
2106 44532
2451 43288
2459 43158
3623 42115
7734 40308
8494 36304
5750 30969
5410 28518
3348 25775
3565 28130
4878 28586
6125 29561
5680 27814
6518 25511
5587 20837
4671 16131
2870 13504
3123 12129
2671 11034
2324 10324
2773 10291
2758 9039
1782 7946
1874 7552
1565 6693
1216 5948
774 5348
566 5037
479 4944
206 4796
197 4888
189 5882
207 6522
132 7422
14 8213
82 9283
87 10024
67 10752
